0 0 0 2
1 0 1 2
2 0 2 2
3 0 3 2
4 0 4 2
5 0 5 2
6 0 6 2
7 0 7 2
8 0 8 2
9 0 9 2
10 0 10 2
11 0 11 2
12 0 12 2
13 0 13 2
14 0 14 2
15 0 15 2
16 0 16 2
17 0 17 2
18 0 18 2
19 0 19 2
0 1 0 0
1 1 1 0
2 1 2 0
3 1 3 0
4 1 4 0
5 1 5 0
6 1 6 0
7 1 7 0
8 1 8 0
9 1 9 0
10 1 10 0
11 1 11 0
12 1 12 0
13 1 13 0
14 1 14 0
15 1 15 0
16 1 16 0
17 1 17 0
18 1 18 0
19 1 19 0
1 0 0 2
2 0 1 2
3 0 2 2
4 0 3 2
5 0 4 2
6 0 5 2
7 0 6 2
8 0 7 2
9 0 8 2
10 0 9 2
11 0 10 2
12 0 11 2
13 0 12 2
14 0 13 2
15 0 14 2
16 0 15 2
17 0 16 2
18 0 17 2
19 0 18 2
20 0 19 2
1 1 0 0
2 1 1 0
3 1 2 0
4 1 3 0
5 1 4 0
6 1 5 0
7 1 6 0
8 1 7 0
9 1 8 0
10 1 9 0
11 1 10 0
12 1 11 0
13 1 12 0
14 1 13 0
15 1 14 0
16 1 15 0
17 1 16 0
18 1 17 0
19 1 18 0
20 1 19 0
2 0 0 2
3 0 1 2
4 0 2 2
5 0 3 2
6 0 4 2
7 0 5 2
8 0 6 2
9 0 7 2
10 0 8 2
11 0 9 2
12 0 10 2
13 0 11 2
14 0 12 2
15 0 13 2
16 0 14 2
17 0 15 2
18 0 16 2
19 0 17 2
20 0 18 2
21 0 19 2
2 1 0 0
3 1 1 0
4 1 2 0
5 1 3 0
6 1 4 0
7 1 5 0
8 1 6 0
9 1 7 0
10 1 8 0
11 1 9 0
12 1 10 0
13 1 11 0
14 1 12 0
15 1 13 0
16 1 14 0
17 1 15 0
18 1 16 0
19 1 17 0
20 1 18 0
21 1 19 0
3 0 0 2
4 0 1 2
5 0 2 2
6 0 3 2
7 0 4 2
8 0 5 2
9 0 6 2
10 0 7 2
11 0 8 2
12 0 9 2
13 0 10 2
14 0 11 2
15 0 12 2
16 0 13 2
17 0 14 2
18 0 15 2
19 0 16 2
20 0 17 2
21 0 18 2
22 0 19 2
3 1 0 0
4 1 1 0
5 1 2 0
6 1 3 0
7 1 4 0
8 1 5 0
9 1 6 0
10 1 7 0
11 1 8 0
12 1 9 0
13 1 10 0
14 1 11 0
15 1 12 0
16 1 13 0
17 1 14 0
18 1 15 0
19 1 16 0
20 1 17 0
21 1 18 0
22 1 19 0
4 0 0 2
5 0 1 2
6 0 2 2
7 0 3 2
8 0 4 2
9 0 5 2
10 0 6 2
11 0 7 2
12 0 8 2
13 0 9 2
14 0 10 2
15 0 11 2
16 0 12 2
17 0 13 2
18 0 14 2
19 0 15 2
20 0 16 2
21 0 17 2
22 0 18 2
23 0 19 2
4 1 0 0
5 1 1 0
6 1 2 0
7 1 3 0
8 1 4 0
9 1 5 0
10 1 6 0
11 1 7 0
12 1 8 0
13 1 9 0
14 1 10 0
15 1 11 0
16 1 12 0
17 1 13 0
18 1 14 0
19 1 15 0
20 1 16 0
21 1 17 0
22 1 18 0
23 1 19 0
5 0 0 2
6 0 1 2
7 0 2 2
8 0 3 2
9 0 4 2
10 0 5 2
11 0 6 2
12 0 7 2
13 0 8 2
14 0 9 2
15 0 10 2
16 0 11 2
17 0 12 2
18 0 13 2
19 0 14 2
20 0 15 2
21 0 16 2
22 0 17 2
23 0 18 2
24 0 19 2
5 1 0 0
6 1 1 0
7 1 2 0
8 1 3 0
9 1 4 0
10 1 5 0
11 1 6 0
12 1 7 0
13 1 8 0
14 1 9 0
15 1 10 0
16 1 11 0
17 1 12 0
18 1 13 0
19 1 14 0
20 1 15 0
21 1 16 0
22 1 17 0
23 1 18 0
24 1 19 0
6 0 0 2
7 0 1 2
8 0 2 2
9 0 3 2
10 0 4 2
11 0 5 2
12 0 6 2
13 0 7 2
14 0 8 2
15 0 9 2
16 0 10 2
17 0 11 2
18 0 12 2
19 0 13 2
20 0 14 2
21 0 15 2
22 0 16 2
23 0 17 2
24 0 18 2
25 0 19 2
6 1 0 0
7 1 1 0
8 1 2 0
9 1 3 0
10 1 4 0
11 1 5 0
12 1 6 0
13 1 7 0
14 1 8 0
15 1 9 0
16 1 10 0
17 1 11 0
18 1 12 0
19 1 13 0
20 1 14 0
21 1 15 0
22 1 16 0
23 1 17 0
24 1 18 0
25 1 19 0
7 0 0 2
8 0 1 2
9 0 2 2
10 0 3 2
11 0 4 2
12 0 5 2
13 0 6 2
14 0 7 2
15 0 8 2
16 0 9 2
17 0 10 2
18 0 11 2
19 0 12 2
20 0 13 2
21 0 14 2
22 0 15 2
23 0 16 2
24 0 17 2
25 0 18 2
26 0 19 2
7 1 0 0
8 1 1 0
9 1 2 0
10 1 3 0
11 1 4 0
12 1 5 0
13 1 6 0
14 1 7 0
15 1 8 0
16 1 9 0
17 1 10 0
18 1 11 0
19 1 12 0
20 1 13 0
21 1 14 0
22 1 15 0
23 1 16 0
24 1 17 0
25 1 18 0
26 1 19 0
8 0 0 2
9 0 1 2
10 0 2 2
11 0 3 2
12 0 4 2
13 0 5 2
14 0 6 2
15 0 7 2
16 0 8 2
17 0 9 2
18 0 10 2
19 0 11 2
20 0 12 2
21 0 13 2
22 0 14 2
23 0 15 2
24 0 16 2
25 0 17 2
26 0 18 2
27 0 19 2
8 1 0 0
9 1 1 0
10 1 2 0
11 1 3 0
12 1 4 0
13 1 5 0
14 1 6 0
15 1 7 0
16 1 8 0
17 1 9 0
18 1 10 0
19 1 11 0
20 1 12 0
21 1 13 0
22 1 14 0
23 1 15 0
24 1 16 0
25 1 17 0
26 1 18 0
27 1 19 0
9 0 0 2
10 0 1 2
11 0 2 2
12 0 3 2
13 0 4 2
14 0 5 2
15 0 6 2
16 0 7 2
17 0 8 2
18 0 9 2
19 0 10 2
20 0 11 2
21 0 12 2
22 0 13 2
23 0 14 2
24 0 15 2
25 0 16 2
26 0 17 2
27 0 18 2
28 0 19 2
9 1 0 0
10 1 1 0
11 1 2 0
12 1 3 0
13 1 4 0
14 1 5 0
15 1 6 0
16 1 7 0
17 1 8 0
18 1 9 0
19 1 10 0
20 1 11 0
21 1 12 0
22 1 13 0
23 1 14 0
24 1 15 0
25 1 16 0
26 1 17 0
27 1 18 0
28 1 19 0
10 0 0 2
11 0 1 2
12 0 2 2
13 0 3 2
14 0 4 2
15 0 5 2
16 0 6 2
17 0 7 2
18 0 8 2
19 0 9 2
20 0 10 2
21 0 11 2
22 0 12 2
23 0 13 2
24 0 14 2
25 0 15 2
26 0 16 2
27 0 17 2
28 0 18 2
29 0 19 2
10 1 0 0
11 1 1 0
12 1 2 0
13 1 3 0
14 1 4 0
15 1 5 0
16 1 6 0
17 1 7 0
18 1 8 0
19 1 9 0
20 1 10 0
21 1 11 0
22 1 12 0
23 1 13 0
24 1 14 0
25 1 15 0
26 1 16 0
27 1 17 0
28 1 18 0
29 1 19 0
11 0 0 2
12 0 1 2
13 0 2 2
14 0 3 2
15 0 4 2
16 0 5 2
17 0 6 2
18 0 7 2
19 0 8 2
20 0 9 2
21 0 10 2
22 0 11 2
23 0 12 2
24 0 13 2
25 0 14 2
26 0 15 2
27 0 16 2
28 0 17 2
29 0 18 2
30 0 19 2
11 1 0 0
12 1 1 0
13 1 2 0
14 1 3 0
15 1 4 0
16 1 5 0
17 1 6 0
18 1 7 0
19 1 8 0
20 1 9 0
21 1 10 0
22 1 11 0
23 1 12 0
24 1 13 0
25 1 14 0
26 1 15 0
27 1 16 0
28 1 17 0
29 1 18 0
30 1 19 0
12 0 0 2
13 0 1 2
14 0 2 2
15 0 3 2
16 0 4 2
17 0 5 2
18 0 6 2
19 0 7 2
20 0 8 2
21 0 9 2
22 0 10 2
23 0 11 2
24 0 12 2
25 0 13 2
26 0 14 2
27 0 15 2
28 0 16 2
29 0 17 2
30 0 18 2
31 0 19 2
12 1 0 0
13 1 1 0
14 1 2 0
15 1 3 0
16 1 4 0
17 1 5 0
18 1 6 0
19 1 7 0
20 1 8 0
21 1 9 0
22 1 10 0
23 1 11 0
24 1 12 0
25 1 13 0
26 1 14 0
27 1 15 0
28 1 16 0
29 1 17 0
30 1 18 0
31 1 19 0
13 0 0 2
14 0 1 2
15 0 2 2
16 0 3 2
17 0 4 2
18 0 5 2
19 0 6 2
20 0 7 2
21 0 8 2
22 0 9 2
23 0 10 2
24 0 11 2
25 0 12 2
26 0 13 2
27 0 14 2
28 0 15 2
29 0 16 2
30 0 17 2
31 0 18 2
32 0 19 2
13 1 0 0
14 1 1 0
15 1 2 0
16 1 3 0
17 1 4 0
18 1 5 0
19 1 6 0
20 1 7 0
21 1 8 0
22 1 9 0
23 1 10 0
24 1 11 0
25 1 12 0
26 1 13 0
27 1 14 0
28 1 15 0
29 1 16 0
30 1 17 0
31 1 18 0
32 1 19 0
14 0 0 2
15 0 1 2
16 0 2 2
17 0 3 2
18 0 4 2
19 0 5 2
20 0 6 2
21 0 7 2
22 0 8 2
23 0 9 2
24 0 10 2
25 0 11 2
26 0 12 2
27 0 13 2
28 0 14 2
29 0 15 2
30 0 16 2
31 0 17 2
32 0 18 2
33 0 19 2
14 1 0 0
15 1 1 0
16 1 2 0
17 1 3 0
18 1 4 0
19 1 5 0
20 1 6 0
21 1 7 0
22 1 8 0
23 1 9 0
24 1 10 0
25 1 11 0
26 1 12 0
27 1 13 0
28 1 14 0
29 1 15 0
30 1 16 0
31 1 17 0
32 1 18 0
33 1 19 0
15 0 0 2
16 0 1 2
17 0 2 2
18 0 3 2
19 0 4 2
20 0 5 2
21 0 6 2
22 0 7 2
23 0 8 2
24 0 9 2
25 0 10 2
26 0 11 2
27 0 12 2
28 0 13 2
29 0 14 2
30 0 15 2
31 0 16 2
32 0 17 2
33 0 18 2
34 0 19 2
15 1 0 0
16 1 1 0
17 1 2 0
18 1 3 0
19 1 4 0
20 1 5 0
21 1 6 0
22 1 7 0
23 1 8 0
24 1 9 0
25 1 10 0
26 1 11 0
27 1 12 0
28 1 13 0
29 1 14 0
30 1 15 0
31 1 16 0
32 1 17 0
33 1 18 0
34 1 19 0
16 0 0 2
17 0 1 2
18 0 2 2
19 0 3 2
20 0 4 2
21 0 5 2
22 0 6 2
23 0 7 2
24 0 8 2
25 0 9 2
26 0 10 2
27 0 11 2
28 0 12 2
29 0 13 2
30 0 14 2
31 0 15 2
32 0 16 2
33 0 17 2
34 0 18 2
35 0 19 2
16 1 0 0
17 1 1 0
18 1 2 0
19 1 3 0
20 1 4 0
21 1 5 0
22 1 6 0
23 1 7 0
24 1 8 0
25 1 9 0
26 1 10 0
27 1 11 0
28 1 12 0
29 1 13 0
30 1 14 0
31 1 15 0
32 1 16 0
33 1 17 0
34 1 18 0
35 1 19 0
17 0 0 2
18 0 1 2
19 0 2 2
20 0 3 2
21 0 4 2
22 0 5 2
23 0 6 2
24 0 7 2
25 0 8 2
26 0 9 2
27 0 10 2
28 0 11 2
29 0 12 2
30 0 13 2
31 0 14 2
32 0 15 2
33 0 16 2
34 0 17 2
35 0 18 2
36 0 19 2
17 1 0 0
18 1 1 0
19 1 2 0
20 1 3 0
21 1 4 0
22 1 5 0
23 1 6 0
24 1 7 0
25 1 8 0
26 1 9 0
27 1 10 0
28 1 11 0
29 1 12 0
30 1 13 0
31 1 14 0
32 1 15 0
33 1 16 0
34 1 17 0
35 1 18 0
36 1 19 0
18 0 0 2
19 0 1 2
20 0 2 2
21 0 3 2
22 0 4 2
23 0 5 2
24 0 6 2
25 0 7 2
26 0 8 2
27 0 9 2
28 0 10 2
29 0 11 2
30 0 12 2
31 0 13 2
32 0 14 2
33 0 15 2
34 0 16 2
35 0 17 2
36 0 18 2
37 0 19 2
18 1 0 0
19 1 1 0
20 1 2 0
21 1 3 0
22 1 4 0
23 1 5 0
24 1 6 0
25 1 7 0
26 1 8 0
27 1 9 0
28 1 10 0
29 1 11 0
30 1 12 0
31 1 13 0
32 1 14 0
33 1 15 0
34 1 16 0
35 1 17 0
36 1 18 0
37 1 19 0
19 0 0 2
20 0 1 2
21 0 2 2
22 0 3 2
23 0 4 2
24 0 5 2
25 0 6 2
26 0 7 2
27 0 8 2
28 0 9 2
29 0 10 2
30 0 11 2
31 0 12 2
32 0 13 2
33 0 14 2
34 0 15 2
35 0 16 2
36 0 17 2
37 0 18 2
38 0 19 2
19 1 0 0
20 1 1 0
21 1 2 0
22 1 3 0
23 1 4 0
24 1 5 0
25 1 6 0
26 1 7 0
27 1 8 0
28 1 9 0
29 1 10 0
30 1 11 0
31 1 12 0
32 1 13 0
33 1 14 0
34 1 15 0
35 1 16 0
36 1 17 0
37 1 18 0
38 1 19 0