2 0 1 2
3 0 1 2
4 0 1 2
1 0 2 2
2 0 2 2
3 0 2 2
4 0 2 2
5 0 2 2
1 0 3 2
2 0 3 2
3 0 3 2
4 0 3 2
5 0 3 2
1 0 4 2
2 0 4 2
3 0 4 2
4 0 4 2
5 0 4 2
2 0 5 2
3 0 5 2
4 0 5 2
2 0 0 0
3 0 0 0
4 0 0 0
1 0 1 0
5 0 1 0
0 0 2 0
6 0 2 0
0 0 3 0
6 0 3 0
0 0 4 0
6 0 4 0
1 0 5 0
5 0 5 0
2 0 6 0
3 0 6 0
4 0 6 0
2 1 1 0
3 1 1 0
4 1 1 0
1 1 2 0
2 1 2 0
3 1 2 0
4 1 2 0
5 1 2 0
1 1 3 0
2 1 3 0
3 1 3 0
4 1 3 0
5 1 3 0
1 1 4 0
2 1 4 0
3 1 4 0
4 1 4 0
5 1 4 0
2 1 5 0
3 1 5 0
4 1 5 0
3 2 3 6
3 3 3 6
3 4 3 6
1 5 1 11
2 5 1 11
3 5 1 11
4 5 1 11
5 5 1 11
1 5 2 11
2 5 2 11
3 5 2 11
4 5 2 11
5 5 2 11
1 5 3 11
2 5 3 11
3 5 3 6
4 5 3 11
5 5 3 11
1 5 4 11
2 5 4 11
3 5 4 11
4 5 4 11
5 5 4 11
1 5 5 11
2 5 5 11
3 5 5 11
4 5 5 11
5 5 5 11
2 6 1 11
3 6 1 11
4 6 1 11
1 6 2 11
2 6 2 11
3 6 2 11
4 6 2 11
5 6 2 11
1 6 3 11
2 6 3 11
3 6 3 6
4 6 3 11
5 6 3 11
1 6 4 11
2 6 4 11
3 6 4 11
4 6 4 11
5 6 4 11
2 6 5 11
3 6 5 11
4 6 5 11
2 7 2 11
3 7 2 11
4 7 2 11
2 7 3 11
3 7 3 6
4 7 3 11
2 7 4 11
3 7 4 11
4 7 4 11
2 8 2 11
3 8 2 11
2 8 3 11
3 8 3 11
4 8 3 11
3 8 4 11